vector <- c(1,2,3)
vector2 <- c(4,5,6)